# reset
reset_pose: [0.4483821, -0.1598066, 0.5324782, -2.331402, -0.619248, -1.667177]
reset_joints: [0.05687559, -1.084889, 0.2643914, -2.572024, 0.006113647, 2.458766, 0.283618]

# limits
max_trans_vel: .2  # m/s
pos_limits: [[0.65, 0.13, 0.5324782], [0.35, -0.3, 0.5324782]]
poseulsxyz_offset: [0, 0, 0, 0, 0, 0.6267]  # rotate limits to match geometry of shelves
init_ee_high_lim: [0.55, 0.0, 0.5324782, -2.331402, -0.619248, -1.667177]
init_ee_low_lim: [0.36, -0.2, 0.5324782, -2.331402, -0.619248, -1.667177]
max_force_from_error: 12.5  # good for 250 stiff

# task
max_real_time: 12
main_suc_thresh: 0.05
reach_suc_thresh: 0.02
suc_time_thresh: 0.5
open_pos: [0.18612574,  0.13366607, 0.53379208]
closed_pos: [0.23553637, 0.2215955,  0.79859579]
done_on_success: false

# auto reset
auto_reset: true
auto_reset_obj: 'handle'
auto_reset_thresh: .02
auto_reset_poses: [[0.3507491, 0.1101321, 0.5262479, -2.33987, -0.6708922, -1.642784], [0.4952994, 0.1330773, 0.6479351, -2.112398, -0.1050136, -2.10636], [0.5324429, -0.2582168, 0.6372819, -2.196013, -0.3851779, -2.203673]]
auto_reset_pose_times: [3, 2, 3]

# aux tasks
handle_ee_pos: [0.3, -0.1]
grasp_grip_pos: .009
grasp_reach_suc_thresh: .005
# add a tiny bit to y for pos limits, subtract a tiny bit from x pos for x limits
main_suc_pos: [0.3608171, 0.12]  # [0.3608171, 0.12, 0.5339739, -2.33687, -0.6398888, -1.635004]
reach_suc_pos: [0.6438287, -0.3057307]  # [0.6438287, -0.3057307, 0.5176603, -2.365525, -0.6368105, -1.646592]
grasp_suc_pos: [0.6438287, -0.3057307]  # same as above
main_suc_rand: [0.02, 0.02]  
reach_suc_rand: [0.01, 0.01]
grasp_suc_rand: [0.03, 0.005]

# control
control_hz: 5
valid_dof: [1, 1, 0, 0, 0, 0]

# state
state_data: ['pose', 'obj_pose', 'grip_pos']
obj_pose_type: 'aruco_single'
num_objs: 1
obj_names: ['handle']
obj_valid_dof: [1, 1, 1, 0, 0, 0]

# aruco tags/calibration
aruco_valid_marker_ids: [0]
aruco_base_to_cam_tf: [0., 0., 0., 0., 0., 0.]
aruco_marker_to_obj_tf: [0., 0., 0., 0., 0., 0.]  # with multiple objects, this should be a list

# gripper
grip_in_action: true