# reset
# reset_pose: [0.4483821, -0.1598066, 0.5324782, -2.331402, -0.619248, -1.667177]
# reset_joints: [0.05687559, -1.084889, 0.2643914, -2.572024, 0.006113647, 2.458766, 0.283618]
# reset_pose: [0.3510908, 0.1604175, 0.5284716, -2.298255, -0.6651364, -2.081509]
# reset_joints: [-0.2241934, -1.478278, 0.8599111, -1.951395, 0.2487958, 1.534405, 0.8444189]
reset_pose: [0.3453714, 0.1547246, 0.545195, -2.331061, -0.6360174, -1.827605]
reset_joints: [-0.07490873, -1.496463, 0.7468289, -2.10705, 0.2971632, 1.671479, 0.664838]

# limits
max_trans_vel: .2  # m/s
pos_limits: [[0.645, 0.18, 0.545195], [0.33, -0.325, 0.545195]]
poseulsxyz_offset: [0, 0, 0, 0, 0, 0.6267]  # rotate limits to match geometry of shelves
init_ee_high_lim: [0.55, 0.0, 0.5284716, -2.331061, -0.6360174, -1.827605]
init_ee_low_lim: [0.36, -0.2, 0.5284716, -2.331061, -0.6360174, -1.827605]
max_force_from_error: 12.5  # good for 250 stiff

# task
max_real_time: 12
main_suc_thresh: 0.05
reach_suc_thresh: 0.02
suc_time_thresh: 0.5
open_pos: [0.18612574,  0.13366607, 0.53379208]
closed_pos: [0.23553637, 0.2215955,  0.79859579]
done_on_success: false

# auto reset
auto_reset: true
auto_reset_obj: 'handle'
auto_reset_thresh: .02
auto_reset_poses: [[0.3507491, 0.1101321, 0.5262479, -2.33987, -0.6708922, -1.642784], [0.4693369, 0.1938947, 0.6780671, -1.902193, -0.3898778, -1.988319], [0.5409623, -0.2306931, 0.6628803, -2.046485, -0.2523909, -2.228433]]
auto_reset_pose_times: [3, 2, 3]

# aux tasks
handle_ee_pos: [0.3, -0.1]
grasp_grip_pos: .009
grasp_reach_suc_thresh: .005
# add a tiny bit to y for pos limits, subtract a tiny bit from x pos for x limits
# main_suc_pos: [0.3608171, 0.12]  # [0.3495244, 0.1592205, 0.5281862, -2.299048, -0.6621377, -2.080475]
main_suc_pos: [0.345, 0.154]  # [0.3453714, 0.1547246, 0.545195, -2.331061, -0.6360174, -1.827605]
# reach_suc_pos: [0.6438287, -0.3057307]  # [0.6231423, -0.325, 0.5204372, -2.312448, -0.6474156, -2.10943]
reach_suc_pos: [0.6359091, -0.3162464]  # [0.6359091, -0.3162464, 0.5367108, -2.338612, -0.6892434, -1.858747]
grasp_suc_pos: [0.6359091, -0.3162464]  # same as above
main_suc_rand: [0.03, 0.03]  
reach_suc_rand: [0.01, 0.01]
grasp_suc_rand: [0.03, 0.005]

# control
control_hz: 5
valid_dof: [1, 1, 0, 0, 0, 0]

# state
state_data: ['pose', 'obj_pose', 'grip_pos']
obj_pose_type: 'aruco_single'
num_objs: 1
obj_names: ['handle']
obj_valid_dof: [1, 1, 1, 0, 0, 0]

# aruco tags/calibration
aruco_valid_marker_ids: [0]
aruco_base_to_cam_tf: [0., 0., 0., 0., 0., 0.]
aruco_marker_to_obj_tf: [0., 0., 0., 0., 0., 0.]  # with multiple objects, this should be a list

# gripper
grip_in_action: true
pinch_gripper: true