# reset
reset_pose: [0.5243246, -0.09264749, 0.3126985, -3.101661, -0.05165723, 1.48758]
reset_joints: [-0.1393543, -0.0204817, -0.05201414, -2.069126, 0.05058914, 2.002865, -0.9167874]

# task
reach_goal: [0.3, -0.4, 0.25]
reach_suc_thresh: 0.02
reach_suc_time_thresh: 0.5